P0: 7.070493e+02 0.000000e+00 6.040814e+02 0.000000e+00 0.000000e+00 7.070493e+02 1.805066e+02 0.000000e+00 0.000000e+00 0.000000e+00 1.000000e+00 0.000000e+00
P1: 7.070493e+02 0.000000e+00 6.040814e+02 -3.797842e+02 0.000000e+00 7.070493e+02 1.805066e+02 0.000000e+00 0.000000e+00 0.000000e+00 1.000000e+00 0.000000e+00
P2: 7.070493e+02 0.000000e+00 6.040814e+02 4.575831e+01 0.000000e+00 7.070493e+02 1.805066e+02 -3.454157e-01 0.000000e+00 0.000000e+00 1.000000e+00 4.981016e-03
P3: 7.070493e+02 0.000000e+00 6.040814e+02 -3.341081e+02 0.000000e+00 7.070493e+02 1.805066e+02 2.330660e+00 0.000000e+00 0.000000e+00 1.000000e+00 3.201153e-03
R0_rect: 9.999128e-01 1.009263e-02 -8.511932e-03 -1.012729e-02 9.999406e-01 -4.037671e-03 8.470675e-03 4.123522e-03 9.999556e-01
Tr_velo_to_cam: 6.927964e-03 -9.999722e-01 -2.757829e-03 -2.457729e-02 -1.162982e-03 2.749836e-03 -9.999955e-01 -6.127237e-02 9.999753e-01 6.931141e-03 -1.143899e-03 -3.321029e-01
Tr_imu_to_velo: 9.999976000000e-01 7.553071000000e-04 -2.035826000000e-03 -8.086759000000e-01 -7.854027000000e-04 9.998898000000e-01 -1.482298000000e-02 3.195559000000e-01 2.024406000000e-03 1.482454000000e-02 9.998881000000e-01 -7.997231000000e-01
